100
2 3 2
1 1 1
2 1 2
3 2 3
2 4 2
50 1 50
49 10 49
45 2 45
16 14 16
20 5 20
1 4 1
1 100 1
16 1 16
39 5 39
14 8 14
8 8 8
35 11 35
10 5 10
53 9 53
7 10 7
49 7 49
3 19 3
24 11 24
1 15 1
4 29 4
5 20 5
16 12 16
2 20 2
30 5 30
14 7 14
21 8 21
31 1 31
44 2 44
25 8 25
2 59 2
54 1 54
3 37 3
51 5 51
12 2 12
22 9 22
50 5 50
1 33 1
93 8 93
75 9 75
4 3 4
1 3 1
4 4 4
86 4 86
17 12 17
1 41 1
79 8 79
76 9 76
44 7 44
35 1 35
42 4 42
1 2 1
4 2 4
39 11 39
100 3 100
10 18 10
1 98 1
3 30 3
96 5 96
3 3 3
21 9 21
1 30 1
4 1 4
21 1 21
76 4 76
7 2 7
8 11 8
2 25 2
100 4 100
94 4 94
10 10 10
100 2 100
1 78 1
100 1 100
10 2 10
1 50 1
29 8 29
78 4 78
62 10 62
1 91 1
4 12 4
3 4 3
1 5 1
1 20 1
85 8 85
100 9 100
78 1 78
2 2 2
3 27 3
25 4 25
53 8 53
80 8 80
3 1 3
5 18 5
11 4 11
14 5 14
