100
4 3
4 5 6 4
4 2
4 5 6 4
3 3
1 1 1
100 3
47 19 98 34 48 89 43 40 4 31 86 26 2 71 41 71 29 86 59 69 76 96 98 40 35 65 74 61 47 89 68 37 52 77 24 64 58 26 84 38 12 53 47 10 50 65 10 98 46 61 89 2 20 5 5 71 31 86 90 23 70 56 88 50 39 92 2 26 7 88 11 41 53 58 9 38 49 53 44 18 62 83 8 1 71 70 5 8 44 75 20 73 41 1 40 36 86 44 95 80
100 3
23 38 31 83 8 86 59 95 83 14 71 59 50 55 98 16 38 2 92 44 92 82 31 89 68 72 17 40 96 1 65 35 78 62 14 50 53 32 19 68 53 89 72 71 65 47 88 50 11 29 4 56 86 73 86 98 49 65 47 2 31 62 42 95 59 26 74 69 68 68 44 29 26 55 36 54 30 14 32 72 49 17 97 9 98 14 67 5 15 2 40 74 83 62 5 17 86 40 67 11
100 3
5 44 46 26 31 95 46 6 17 26 23 98 92 8 86 84 83 56 37 36 23 11 46 69 47 4 4 16 59 59 78 29 46 11 7 5 91 96 41 1 59 5 28 5 62 61 68 35 6 95 82 38 14 26 76 74 17 86 65 49 86 49 59 10 5 56 51 29 98 81 89 60 64 80 98 8 98 33 46 96 74 71 50 89 68 20 31 69 11 83 56 15 82 50 78 69 30 64 41 17
100 3
97 67 65 82 57 49 94 76 16 8 49 30 31 79 58 14 56 37 91 82 16 61 1 77 67 45 79 85 79 53 48 55 67 38 22 4 80 53 6 40 56 2 16 43 25 26 19 16 2 31 10 67 35 16 79 34 10 28 80 53 46 49 17 37 74 67 67 58 85 28 97 82 7 50 7 40 28 64 56 45 53 65 94 64 58 94 96 34 26 85 64 82 94 15 52 98 82 4 46 14
15 3
17 2 2 44 43 73 52 59 39 79 62 22 49 28 38
100 3
25 39 16 36 28 70 47 1 34 1 70 23 94 35 61 43 28 40 46 33 30 37 22 78 43 73 44 92 56 85 67 52 40 37 25 82 94 53 33 61 79 53 13 53 55 34 97 49 85 89 73 19 86 58 11 43 50 88 47 1 34 97 44 10 1 89 92 56 92 51 76 16 92 80 58 37 7 85 8 16 4 61 97 15 11 83 1 4 7 37 29 1 22 79 70 20 73 19 7 34
100 3
16 77 13 80 47 5 62 65 97 8 74 28 49 92 65 68 43 26 40 89 88 73 11 49 76 65 25 23 34 91 16 20 52 49 89 61 43 10 16 77 77 32 31 40 34 53 98 80 8 58 20 98 23 67 55 73 53 58 85 77 11 1 89 70 77 7 88 98 11 31 10 38 20 37 25 23 14 97 64 65 74 7 61 46 11 79 49 43 46 83 26 71 56 22 74 41 4 53 74 52
100 3
83 12 11 97 11 40 77 14 86 71 32 89 11 53 43 71 97 92 54 13 17 62 79 75 37 53 56 79 2 23 44 16 59 92 77 71 9 3 5 41 71 29 6 51 83 24 95 19 58 55 35 48 68 59 16 31 71 65 11 31 46 53 31 94 77 28 22 42 26 65 11 48 20 23 14 90 37 32 92 61 20 42 5 86 64 35 11 40 44 25 92 73 59 32 80 47 60 49 88 11
17 2
9 82 22 5 62 40 21 76 93 64 93 38 74 42 33 20 82
100 3
14 68 14 7 88 19 58 91 63 33 19 10 46 91 89 10 17 35 47 11 10 55 30 15 67 86 46 84 49 51 58 34 60 94 88 61 97 28 57 5 50 80 73 80 94 40 13 91 50 80 28 65 3 43 82 13 1 31 81 97 2 86 40 44 74 76 56 14 8 22 26 28 70 10 85 41 88 73 10 82 70 10 16 58 5 10 49 88 31 64 12 50 58 16 43 12 10 43 55 44
2 3
86 8
100 3
81 40 7 37 50 85 34 34 38 74 16 25 29 31 47 49 22 79 31 20 56 22 4 73 88 12 83 54 95 57 16 27 74 22 4 83 43 91 16 73 10 76 76 79 68 73 20 98 13 10 79 65 49 22 7 19 91 59 2 28 88 94 34 70 94 79 56 55 88 22 26 13 80 89 32 7 91 17 40 1 58 76 43 76 42 43 13 11 61 19 29 91 77 67 49 68 63 76 5 49
100 3
11 73 17 67 62 71 8 2 72 36 91 47 53 51 27 71 39 38 26 6 65 52 47 65 56 20 62 15 47 4 53 87 79 59 32 53 59 41 36 20 38 53 86 20 43 38 89 76 77 62 78 10 27 71 38 75 80 65 25 59 70 16 65 95 38 35 20 65 87 62 44 47 10 13 67 49 29 29 82 68 77 41 98 68 40 75 59 79 21 64 68 16 16 83 23 89 80 95 71 80
100 3
95 64 2 7 67 34 85 68 1 58 78 6 73 10 56 38 53 52 25 94 8 85 67 25 31 25 90 34 79 20 13 34 19 88 77 19 7 59 70 72 72 77 64 93 67 37 83 14 94 14 13 80 4 22 55 17 85 17 87 79 84 82 91 67 44 82 60 54 58 83 17 83 5 76 24 28 6 31 16 22 62 19 82 77 37 37 38 76 97 97 88 52 10 67 7 55 88 82 65 37
100 3
49 3 83 70 13 64 19 83 10 67 59 49 73 80 61 73 19 52 44 73 63 40 98 16 43 61 59 16 40 8 25 36 32 79 79 19 68 40 34 5 91 43 67 46 14 76 56 7 38 46 52 7 21 73 85 32 68 6 35 93 64 61 64 19 91 48 5 19 1 19 50 41 97 76 13 34 42 57 84 70 64 38 94 61 34 47 18 50 73 53 20 19 31 55 41 25 13 16 29 67
100 3
2 65 55 20 56 34 38 17 87 77 25 40 44 4 83 35 98 35 25 74 10 88 40 87 20 10 96 58 86 37 76 40 65 31 82 2 29 92 33 11 8 68 62 62 5 98 29 73 19 25 72 83 50 56 41 92 26 24 50 41 56 41 80 14 98 89 55 35 85 22 71 74 68 95 91 65 89 52 37 55 89 21 77 77 50 65 54 20 59 47 77 56 40 19 56 65 89 86 38 49
100 3
88 82 19 58 46 82 25 43 53 25 49 32 55 15 10 67 70 79 42 35 76 67 89 37 75 46 4 49 46 26 4 72 43 49 88 73 57 85 9 83 25 70 80 93 46 77 49 37 41 38 13 35 94 32 20 56 73 53 22 83 14 85 68 43 64 73 49 43 73 71 40 55 69 19 21 8 92 90 11 61 20 88 19 80 22 76 53 49 61 97 23 22 43 41 10 51 76 97 59 11
100 3
62 56 91 26 27 63 23 95 5 56 73 73 46 26 66 41 15 63 56 97 5 59 15 61 47 58 82 83 95 7 56 26 95 97 32 44 64 49 67 24 11 10 62 92 98 38 28 18 50 74 25 65 47 17 81 83 87 37 1 85 35 29 52 33 26 73 41 26 79 54 83 65 14 73 23 38 25 72 3 8 1 62 19 55 98 89 77 89 96 83 56 79 56 14 69 35 34 20 83 30
100 3
25 26 5 79 25 47 63 26 29 84 8 53 65 62 65 38 26 46 80 65 56 51 84 77 20 61 32 29 91 95 98 80 59 25 47 5 66 35 2 50 97 74 56 80 53 49 92 98 46 92 56 32 80 68 50 71 80 43 14 69 69 55 67 11 41 76 57 53 68 95 4 29 98 32 20 8 86 29 14 7 75 40 14 31 89 46 38 35 49 49 11 9 67 59 64 26 68 42 92 2
100 3
51 88 84 31 57 80 98 53 53 10 77 34 62 11 33 26 68 58 5 15 10 35 95 58 74 62 22 58 89 21 82 46 39 29 92 4 8 17 8 38 61 5 80 97 44 98 3 20 98 2 17 15 53 86 59 2 80 71 58 14 19 98 80 62 50 22 11 4 53 64 98 83 16 32 66 94 55 35 20 57 83 98 71 65 10 5 29 70 10 5 1 41 38 8 77 39 1 86 53 73
100 3
19 95 10 97 27 20 65 77 25 58 29 95 73 23 79 7 79 88 38 37 13 73 13 65 28 12 1 67 31 66 13 22 17 73 94 81 59 83 46 38 76 43 65 38 47 25 71 98 13 28 22 43 58 94 22 61 12 55 45 47 84 43 46 95 98 25 44 42 16 4 19 58 45 91 68 42 14 40 13 25 46 91 94 85 22 13 73 10 25 55 88 22 85 10 88 85 34 23 91 22
100 3
38 16 31 22 41 4 76 88 43 11 85 76 2 76 26 35 82 70 55 19 61 10 49 88 67 13 37 8 73 4 8 13 95 44 52 58 13 55 26 76 34 70 22 65 53 22 56 20 38 22 85 28 52 1 64 34 4 88 64 58 40 79 19 46 71 55 16 88 76 94 23 45 85 31 4 22 1 97 79 97 90 52 31 56 34 98 37 29 32 67 38 85 1 31 79 13 91 80 76 31
3 3
86 83 17
1 2
93
100 3
76 71 11 97 8 7 53 20 14 7 86 95 70 29 80 60 38 23 31 80 48 50 47 49 10 89 4 80 79 74 47 80 38 38 66 2 19 27 41 11 85 26 56 91 32 10 5 96 79 8 57 11 53 53 5 79 80 38 26 44 44 32 7 92 29 29 86 97 40 50 10 29 90 5 91 38 93 93 38 80 23 95 31 91 88 44 68 11 26 59 29 95 9 67 50 58 94 47 77 14
10 3
28 49 14 46 47 14 35 7 65 25
100 3
8 58 5 54 16 41 50 16 45 41 38 62 86 95 82 5 27 71 92 49 80 26 47 32 14 27 28 3 47 44 50 87 14 32 47 74 70 74 88 73 4 66 21 26 73 38 74 7 44 79 89 94 92 74 19 38 77 74 94 16 88 66 80 50 51 44 43 10 53 97 47 30 94 50 96 28 41 5 8 17 20 74 60 34 62 41 5 89 59 58 4 85 27 47 83 96 29 43 5 11
100 3
88 91 36 14 57 4 96 14 34 83 7 97 64 34 47 97 82 22 61 11 67 7 22 83 52 55 1 27 66 90 82 55 73 77 19 67 87 22 70 23 95 46 85 61 58 48 5 61 25 32 30 67 96 86 85 79 25 44 23 17 76 41 4 98 23 11 64 95 49 92 77 50 3 95 68 59 85 58 31 86 67 10 7 34 46 56 15 4 61 49 85 40 60 87 88 43 55 98 22 58
100 3
98 96 50 56 97 38 86 56 97 17 67 25 31 65 95 23 94 67 7 29 76 69 81 37 37 67 46 25 95 49 65 10 2 31 73 61 98 71 94 1 76 58 24 61 4 58 7 25 76 1 52 97 22 97 34 38 52 44 41 55 34 88 13 10 10 17 70 3 25 46 38 52 37 40 91 7 13 79 79 70 19 91 22 24 91 82 40 44 91 7 74 13 32 7 10 11 63 67 28 58
12 3
16 69 27 88 94 71 56 1 59 14 86 64
2 3
1 22
100 3
98 72 98 30 85 91 28 74 85 12 27 18 80 67 26 16 33 1 53 53 30 38 32 74 60 17 42 85 67 47 82 56 75 8 61 77 38 47 23 83 11 62 35 39 53 98 8 23 10 72 80 11 53 81 80 41 95 27 44 59 89 74 65 8 68 80 95 81 25 56 83 38 85 74 13 64 65 41 92 52 14 38 58 5 96 41 2 13 65 11 62 56 77 10 4 83 74 68 20 17
100 3
25 55 41 22 65 52 67 79 31 28 31 22 75 91 95 47 94 1 91 28 52 55 46 2 73 4 97 16 49 90 89 76 59 16 72 58 33 62 43 89 75 10 94 91 16 40 76 7 40 13 65 25 38 31 30 59 56 82 43 33 64 83 19 88 34 50 63 16 52 28 20 81 37 13 55 31 67 79 44 31 52 76 77 40 84 37 49 7 79 98 10 16 43 87 19 13 63 77 16 29
18 3
87 43 43 2 71 22 29 61 31 31 35 26 59 31 20 44 83 58
100 3
4 59 53 65 23 42 80 71 78 50 83 88 65 50 93 65 11 88 89 98 85 37 61 26 92 41 62 91 65 56 98 19 74 68 62 68 56 21 65 34 65 17 46 50 94 3 49 38 7 2 2 90 50 37 14 38 53 8 17 73 50 19 68 8 64 46 68 97 51 38 61 50 23 74 36 28 28 55 45 10 77 77 76 1 29 44 95 86 67 14 22 35 7 92 17 73 80 41 52 10
100 3
40 25 71 61 46 88 28 16 79 34 4 25 58 67 13 97 7 80 10 77 16 52 58 76 4 50 1 37 7 65 59 4 60 18 67 67 53 67 52 40 72 92 78 63 94 73 12 58 58 88 34 36 64 26 53 66 53 87 92 83 57 94 73 83 98 64 85 92 71 5 73 73 5 71 8 38 88 22 52 37 76 82 7 97 17 45 73 28 79 97 40 22 33 35 90 43 41 49 40 19
100 3
11 85 55 13 46 34 14 44 22 80 55 29 31 16 20 56 31 82 64 55 83 55 1 85 44 88 47 4 4 20 98 70 74 95 67 56 61 61 52 34 86 10 11 92 92 17 35 34 76 61 34 37 86 94 7 31 50 31 7 13 61 68 92 23 62 28 8 61 59 5 37 44 41 71 67 10 91 88 61 43 20 19 56 32 95 25 13 62 5 16 56 97 73 95 53 1 92 73 89 26
100 3
76 26 17 81 46 46 5 85 7 19 40 56 46 1 22 70 94 96 43 17 28 79 46 2 34 37 70 1 74 35 5 66 94 95 88 19 68 64 73 27 97 55 44 74 53 37 7 80 30 28 52 67 58 97 79 66 60 43 31 94 10 4 34 40 70 11 97 73 22 42 4 9 83 70 1 2 31 79 70 46 97 64 77 49 75 59 22 22 16 67 47 61 64 48 88 10 16 61 91 59
100 3
52 61 82 68 39 76 56 4 98 67 84 95 79 76 11 42 2 72 42 87 73 30 94 94 38 97 48 75 16 91 88 61 68 82 7 4 97 91 60 37 73 16 49 24 67 70 13 73 25 29 67 29 64 83 16 71 43 10 37 1 93 71 76 6 34 34 35 91 41 19 14 97 75 50 82 50 35 52 20 55 3 21 73 49 83 65 61 55 31 95 20 52 31 55 85 28 22 79 83 65
100 3
70 13 35 55 73 34 30 4 48 32 37 88 34 40 25 13 80 55 67 13 43 2 29 25 26 35 2 73 11 16 1 51 89 65 75 1 7 61 91 10 20 39 67 48 31 19 7 52 58 44 16 47 85 88 13 82 91 33 7 26 88 32 6 79 35 31 67 8 76 96 32 11 94 92 78 67 88 17 9 16 84 94 95 67 49 88 91 61 4 5 8 70 4 55 7 97 41 19 78 34
19 2
81 43 9 24 32 82 81 30 89 17 36 1 31 90 10 60 98 42 33
1 2
70
100 3
66 47 85 46 11 13 92 90 49 28 14 28 67 40 82 73 22 88 53 94 25 4 67 25 88 9 95 68 34 10 22 44 32 38 23 45 67 22 31 91 49 32 29 26 65 34 62 10 77 4 62 50 78 22 13 40 83 17 41 53 43 94 40 58 81 14 76 75 91 94 66 1 20 61 29 97 32 91 17 97 41 33 48 80 67 10 75 82 43 71 8 13 94 73 1 37 68 40 46 13
25 3
2 98 46 41 71 29 58 85 47 47 58 31 67 71 68 80 16 38 38 10 32 89 59 83 59
100 3
10 38 89 8 61 23 62 34 19 26 56 63 92 51 8 38 77 29 18 26 79 25 94 78 60 44 38 65 78 44 44 47 38 26 79 29 3 71 65 41 7 65 40 98 2 41 68 44 34 32 38 5 94 55 83 93 4 30 85 11 50 20 86 31 80 87 38 25 8 64 68 14 88 31 64 35 25 11 74 47 1 29 93 20 65 68 62 13 46 82 74 25 74 15 47 68 98 28 57 11
100 3
55 32 38 80 5 77 83 79 71 22 83 27 47 5 56 1 44 24 62 25 97 50 56 79 46 89 50 86 26 89 66 67 41 71 47 49 88 23 77 77 98 64 97 92 15 68 74 76 17 41 22 13 45 94 62 92 59 90 57 32 20 41 59 91 73 10 82 26 13 91 62 35 21 88 47 92 50 53 87 66 4 62 74 95 50 77 34 7 24 71 86 70 94 67 77 58 14 32 2 62
23 3
88 80 19 49 87 32 14 77 68 31 72 86 49 87 75 32 26 62 91 41 50 66 35
100 3
78 40 16 97 11 29 94 71 14 85 7 40 94 59 31 75 46 64 52 61 19 94 37 90 1 43 52 37 47 43 59 28 80 67 91 25 64 89 98 20 32 10 16 46 2 16 76 83 4 85 48 8 94 82 60 82 31 46 17 11 73 40 88 80 56 1 8 72 20 21 37 89 62 43 35 42 97 46 71 19 23 68 22 40 83 83 13 88 85 44 22 32 65 15 18 2 92 16 68 80
100 3
1 7 85 51 83 61 5 44 13 88 76 64 49 88 88 85 22 28 37 68 46 49 76 59 43 40 25 58 91 73 5 9 52 74 38 42 45 40 22 87 64 1 82 38 25 82 51 43 40 16 79 22 92 19 94 19 46 52 68 94 95 46 10 13 1 4 82 50 82 2 71 7 79 58 85 46 78 23 37 13 67 67 58 52 88 16 52 5 4 43 10 91 65 93 31 16 51 88 22 76
100 3
22 44 11 13 13 54 49 37 49 31 52 46 4 52 76 10 13 68 15 13 67 82 65 13 92 5 97 26 34 58 19 17 71 49 64 94 61 30 73 58 29 61 65 97 96 79 62 91 62 49 16 85 45 88 97 31 25 94 28 33 2 91 52 59 67 73 50 23 1 41 34 55 7 91 97 69 88 50 45 13 40 17 25 31 88 72 92 52 94 95 15 13 82 47 68 88 94 82 5 81
100 3
27 83 43 68 41 22 10 14 23 32 61 38 98 32 8 82 50 36 1 16 98 92 32 47 20 80 35 28 47 61 38 32 92 66 11 44 38 17 50 75 17 80 62 56 55 83 5 10 30 91 76 54 10 85 17 83 58 57 47 24 92 5 68 20 45 56 55 95 26 41 5 40 65 94 23 36 68 8 29 28 86 11 67 43 38 13 86 44 63 48 47 95 32 80 79 70 97 74 57 13
17 3
67 43 94 58 24 52 22 38 29 40 59 1 41 65 47 64 97
100 3
74 13 19 4 19 95 46 61 65 40 40 16 85 85 67 48 90 16 62 25 61 11 10 38 23 17 82 44 61 75 61 94 73 16 89 70 29 37 12 74 46 6 32 7 26 40 8 95 76 40 13 65 59 31 44 13 1 29 82 27 58 94 27 91 25 57 29 4 58 82 10 50 16 28 67 55 82 70 14 65 25 22 97 40 92 29 55 67 65 26 47 73 95 7 46 94 55 73 53 27
100 3
76 72 85 89 77 50 23 14 8 96 47 47 8 5 46 44 98 62 78 46 34 11 76 67 26 80 98 68 8 44 24 53 2 67 23 41 76 26 8 41 62 2 83 32 53 23 80 2 14 64 7 16 23 94 43 38 44 86 83 7 65 14 43 8 4 36 94 80 56 23 80 61 72 37 98 64 75 95 44 95 84 44 6 5 89 35 54 13 44 63 28 5 35 89 13 21 71 11 16 65
100 3
71 43 91 62 2 85 31 64 65 80 46 55 85 64 95 31 26 79 91 87 4 97 54 22 91 29 16 37 6 20 46 8 34 7 52 68 58 56 82 43 64 16 18 10 37 28 76 92 74 5 10 56 92 88 22 4 28 29 10 57 67 59 84 31 73 40 25 10 24 94 50 67 83 34 43 64 48 85 46 19 73 49 61 61 64 14 10 34 74 93 40 76 19 67 31 68 8 4 43 98
100 3
27 27 51 58 80 6 18 45 52 63 98 43 4 3 77 47 58 34 60 59 58 18 6 83 50 74 80 17 24 1 76 73 80 82 65 85 34 5 39 55 92 26 12 98 17 23 87 57 36 81 13 72 38 16 37 21 76 37 22 61 92 48 40 3 53 16 26 73 15 44 32 88 42 95 72 39 20 93 2 61 7 94 61 77 86 88 8 48 86 59 16 73 36 75 39 76 59 21 5 39
100 3
34 59 11 89 46 97 98 55 5 38 72 79 77 37 28 48 8 84 62 28 2 85 86 68 9 19 2 58 89 48 59 23 47 11 26 50 14 40 35 29 77 65 23 21 70 74 11 2 17 29 11 56 5 97 71 66 56 65 20 20 7 37 79 95 47 20 74 47 71 8 50 5 80 5 80 31 31 73 70 53 32 23 94 32 4 59 7 49 95 38 31 8 85 41 43 97 92 38 62 8
100 3
59 49 18 83 37 17 69 70 26 41 16 70 14 52 26 23 4 20 40 96 44 2 56 98 37 85 65 86 2 20 32 14 32 86 26 67 14 98 47 57 70 2 49 34 11 10 17 14 62 63 62 94 86 91 32 96 27 13 14 14 23 74 25 71 25 61 14 17 68 5 33 29 64 94 41 43 92 43 16 88 11 67 85 23 62 68 25 15 92 71 11 70 4 2 32 47 77 19 44 90
100 3
35 95 11 97 31 79 11 13 96 91 38 83 97 2 94 73 43 79 70 49 91 70 91 28 52 40 61 29 82 49 61 50 4 2 3 31 95 95 97 69 47 35 25 82 64 46 67 94 64 79 61 28 28 28 47 97 97 79 26 34 37 73 13 94 49 31 28 41 26 58 68 16 13 73 6 80 91 46 37 77 67 73 77 92 64 6 29 80 95 53 14 13 52 64 96 24 43 8 46 46
1 3
85
100 3
74 24 7 89 31 57 51 70 98 41 56 23 5 53 32 16 43 92 93 81 50 83 93 82 85 35 78 86 86 23 54 63 8 80 58 86 14 83 75 35 88 9 20 56 26 97 35 59 65 10 12 2 68 2 77 25 80 81 72 74 67 53 68 26 86 13 74 59 95 28 88 17 56 2 62 44 88 53 53 32 55 98 71 71 23 61 21 42 61 8 14 25 50 78 10 55 29 71 5 17
25 3
86 94 5 31 37 69 55 86 32 29 19 30 20 35 28 62 65 57 59 15 75 8 28 37 2
100 3
76 65 73 55 88 72 20 13 7 68 62 38 54 55 50 4 16 37 12 91 80 76 70 59 85 19 42 95 85 15 38 40 25 1 22 92 53 65 34 31 86 19 58 42 37 44 1 55 37 10 76 25 63 61 19 40 50 16 88 37 65 32 8 58 49 43 41 61 63 59 7 53 25 10 46 28 84 31 16 22 1 5 5 67 58 67 10 61 77 91 28 66 10 94 55 50 56 25 65 70
100 3
82 31 52 62 31 44 98 32 85 11 2 70 22 2 50 56 19 38 70 32 20 85 41 49 71 61 22 46 65 20 14 8 35 40 29 34 28 55 16 78 41 44 50 83 23 16 88 15 86 68 98 41 20 53 68 26 73 97 4 44 20 69 57 77 3 38 59 29 62 53 2 35 79 59 56 69 86 34 92 95 7 4 71 98 29 75 68 43 45 80 75 57 5 8 35 75 16 89 68 21
100 3
81 13 79 29 20 74 37 13 52 82 19 31 20 38 49 23 80 73 82 26 32 68 76 3 79 6 46 16 32 13 1 88 8 43 70 23 42 39 12 95 34 83 58 83 85 91 34 38 28 89 43 89 94 41 98 58 34 4 37 92 14 10 63 91 28 19 52 55 16 50 58 92 37 28 34 64 31 92 52 43 32 34 85 25 58 37 25 29 1 13 73 37 11 53 95 30 58 40 16 4
2 2
79 63
100 3
20 47 90 35 63 28 32 56 27 44 86 90 82 64 5 73 68 8 70 6 20 76 32 74 23 36 68 77 46 98 61 44 32 21 14 19 17 37 33 80 47 92 77 77 83 25 35 46 50 14 32 37 89 31 11 65 53 21 32 64 13 17 53 25 41 44 26 55 79 8 27 12 56 83 26 38 73 64 73 20 52 29 56 68 31 76 38 46 92 95 7 62 1 81 87 94 26 5 23 45
100 3
86 19 26 62 2 67 38 82 20 53 91 29 41 76 86 5 29 16 14 19 70 28 59 76 49 6 28 90 44 86 10 56 71 80 51 60 16 77 71 59 96 50 5 41 64 67 38 91 89 10 73 55 62 86 2 35 89 40 61 47 41 25 10 29 68 11 11 10 97 35 6 23 92 19 46 49 62 7 2 60 71 58 3 73 94 96 53 68 18 44 14 23 86 95 12 71 91 71 73 83
100 3
68 62 10 14 34 35 82 71 11 26 95 38 65 20 97 2 92 8 89 20 5 26 95 39 17 59 17 11 80 8 14 80 98 56 32 73 13 65 47 62 53 65 89 93 65 74 11 14 7 17 29 39 40 8 91 77 59 26 35 44 43 56 95 72 41 47 50 42 71 14 62 11 88 89 19 89 26 77 38 11 82 24 50 36 95 71 71 6 59 38 4 58 85 38 65 89 17 71 98 38
100 3
40 53 50 43 70 7 77 67 53 40 28 58 91 79 96 8 49 91 83 26 53 7 56 87 25 24 76 80 85 82 86 2 54 94 70 97 78 33 67 46 73 35 40 21 80 95 25 9 82 47 47 46 17 65 50 32 89 1 13 94 26 91 88 10 49 92 58 4 14 70 52 38 26 64 1 13 17 14 4 74 14 85 55 50 76 95 94 71 96 22 53 7 14 40 47 94 82 17 49 81
17 3
89 89 35 30 91 85 6 19 50 85 90 82 46 34 48 2 26
18 3
49 52 26 80 58 70 62 46 76 80 97 8 20 31 97 19 41 91
100 3
15 49 28 74 15 76 29 83 33 70 42 16 61 22 98 80 73 64 53 28 61 40 74 1 31 26 33 58 17 26 53 8 8 94 35 43 83 18 57 47 46 53 70 58 41 97 25 56 74 86 83 7 64 44 21 77 49 76 62 11 26 59 19 33 64 23 22 61 25 62 67 37 14 37 38 43 40 19 97 43 38 85 80 97 73 47 88 68 67 91 46 1 73 85 55 10 91 44 76 80
15 3
65 35 73 2 65 70 73 19 13 23 44 10 49 7 92
100 3
65 32 22 84 77 41 38 83 85 53 35 53 20 20 80 62 32 88 86 97 41 42 80 8 18 23 29 68 52 16 5 7 63 97 4 17 89 53 56 10 47 56 75 13 32 23 98 41 94 7 68 35 46 69 2 50 1 5 97 68 4 23 85 97 56 52 8 5 55 61 23 26 50 8 38 77 86 82 11 14 3 68 49 34 89 23 90 47 97 14 20 91 46 97 85 97 2 46 64 44
100 3
79 33 1 67 24 67 74 13 80 88 70 50 75 53 25 94 12 29 43 67 33 50 94 40 94 88 70 40 94 8 52 79 22 93 10 65 88 85 2 20 48 86 4 22 24 16 80 28 94 84 83 38 43 37 73 40 94 87 46 65 61 27 26 73 52 2 32 57 19 17 60 61 65 58 16 82 66 40 2 31 13 76 1 59 52 49 53 58 28 40 71 88 95 37 81 80 94 64 88 79
100 3
87 26 35 54 53 62 65 91 10 77 23 12 81 9 89 82 31 20 38 4 14 26 55 25 41 79 44 37 20 44 7 94 56 16 31 62 37 80 41 14 89 5 59 70 50 13 98 31 62 8 41 71 7 35 34 17 14 20 85 80 12 96 32 13 47 72 32 43 38 56 54 49 62 88 59 26 83 20 44 47 26 14 39 50 7 47 64 25 53 1 17 41 98 20 47 47 59 77 86 26
100 3
60 10 46 76 41 30 55 31 19 19 82 64 97 62 34 16 56 82 4 94 10 76 44 1 64 10 49 58 13 70 51 97 62 83 43 82 19 44 63 43 27 50 15 85 30 47 34 26 26 97 55 45 94 7 38 9 8 46 68 32 70 46 55 98 1 57 28 4 58 14 35 85 73 4 69 50 73 58 88 9 1 70 64 88 49 19 93 22 76 36 59 39 14 88 40 49 89 62 28 97
100 3
55 62 55 32 56 35 56 1 58 64 7 62 35 20 26 21 46 50 11 70 44 71 35 41 82 7 53 23 66 68 9 26 67 13 83 14 86 22 11 98 35 80 34 8 94 21 61 73 73 10 41 98 36 23 47 50 8 68 56 95 23 59 52 21 28 80 87 29 74 83 14 52 86 41 39 52 17 26 65 52 97 59 31 23 50 62 82 77 71 1 56 35 86 86 62 71 2 46 74 97
1 3
87
100 3
86 51 70 46 85 28 70 70 38 1 85 76 64 18 34 1 7 70 88 46 9 58 64 88 61 43 76 58 19 2 40 25 73 31 49 64 79 43 74 13 87 34 61 61 55 67 20 7 13 97 65 58 31 94 54 98 55 89 2 53 55 34 73 8 62 13 16 83 35 76 30 37 49 46 78 70 21 22 80 46 31 19 62 49 94 28 93 97 13 86 22 13 9 40 70 19 85 97 74 38
100 3
94 10 47 71 1 28 83 62 8 56 5 31 76 50 26 35 34 10 43 95 64 38 97 11 58 89 70 46 71 54 20 74 75 52 56 44 66 6 2 46 26 85 68 74 56 20 28 55 85 19 79 43 44 8 19 14 45 23 8 60 67 96 72 17 68 50 25 34 53 92 70 95 29 65 12 58 58 83 38 9 1 62 2 2 31 94 14 29 65 38 50 11 14 25 85 4 62 32 98 92
100 3
53 2 76 2 65 57 35 26 95 85 17 10 1 20 28 76 55 68 3 32 25 62 77 13 43 23 70 78 64 49 41 92 85 42 62 47 54 8 85 68 56 59 55 95 26 50 9 23 41 65 5 47 97 8 62 85 96 65 95 11 68 24 96 2 40 31 33 84 39 59 22 41 78 23 53 92 64 81 8 86 3 5 11 2 21 44 29 29 50 50 13 37 80 38 59 79 42 78 23 65
100 3
65 50 20 37 18 54 29 14 97 92 98 92 8 35 65 4 46 53 13 25 64 35 56 19 2 95 67 80 45 71 50 5 47 83 91 8 52 83 18 67 53 11 17 65 29 25 21 24 85 86 98 72 8 47 68 26 19 8 47 44 58 23 93 44 93 23 32 53 92 95 16 13 14 89 73 79 89 56 38 26 29 5 7 88 22 92 59 32 77 47 26 70 20 38 52 77 90 11 95 56
100 3
51 11 82 92 17 31 23 78 88 38 32 98 5 96 61 14 75 74 55 8 86 74 50 79 85 38 11 85 74 58 15 89 89 79 25 8 49 95 38 86 17 89 71 38 42 35 68 71 4 65 41 18 61 46 11 23 16 46 56 53 97 86 82 65 62 23 82 14 76 59 56 50 34 77 80 25 83 17 38 17 67 26 89 83 17 84 74 40 88 14 2 17 56 83 63 26 17 91 64 92
100 3
91 32 43 27 17 83 64 62 50 83 91 41 89 32 91 78 56 40 44 35 10 77 61 80 41 92 30 11 56 90 68 64 12 19 22 80 56 37 21 38 74 61 65 68 29 92 62 1 47 34 35 23 44 62 61 91 3 82 83 37 85 22 55 35 78 26 77 55 96 49 83 92 97 35 53 26 19 73 20 73 76 31 50 62 11 16 52 54 43 50 50 90 23 31 26 6 35 32 49 44
100 3
26 82 80 38 77 68 11 83 56 87 43 15 6 71 80 88 53 59 95 63 47 56 39 85 94 35 26 9 5 65 55 88 71 44 48 53 86 59 9 40 84 80 64 52 69 25 43 20 44 29 53 97 80 83 11 89 29 28 10 55 18 17 79 46 45 30 14 51 85 53 39 41 9 62 56 32 40 46 17 68 44 56 61 65 96 40 37 35 1 59 98 98 49 22 62 47 86 86 86 92
100 3
82 50 43 94 2 32 17 16 56 62 18 37 20 20 76 97 4 7 19 52 46 37 94 40 48 31 55 46 16 94 28 58 13 74 35 43 61 88 31 7 35 94 16 10 76 56 58 32 16 2 16 34 8 2 37 33 22 40 52 82 97 52 58 37 14 2 31 10 91 80 46 79 76 31 22 22 37 30 22 34 36 16 26 40 49 82 91 85 26 20 37 70 65 40 98 30 94 59 32 53
100 3
55 30 50 41 95 79 10 32 28 91 55 10 82 65 84 76 61 79 16 35 28 89 97 82 67 79 88 93 31 47 34 8 13 10 40 78 1 79 25 81 65 88 61 25 14 85 73 22 67 78 46 88 39 67 97 58 11 82 16 58 34 32 31 40 88 46 25 10 16 2 76 37 10 73 57 25 59 72 61 31 43 36 58 77 74 44 58 62 43 7 67 85 34 18 6 88 24 32 55 79
1 3
74
19 3
31 71 61 46 58 31 4 25 14 9 79 43 94 10 71 14 28 77 41
100 3
91 68 17 3 26 14 96 47 58 52 19 92 49 46 59 83 98 97 71 52 76 25 74 26 22 44 96 4 5 15 56 71 14 69 24 44 17 95 80 68 40 89 97 5 38 14 56 65 27 14 92 17 68 40 79 44 86 67 3 27 83 29 59 52 90 93 67 23 77 20 41 52 2 89 98 2 40 95 74 58 35 73 65 83 15 77 80 59 93 89 41 5 68 88 34 64 77 80 56 36
100 2
64 72 26 57 55 18 19 36 78 19 37 49 23 5 71 64 7 72 31 79 54 70 8 24 14 94 32 81 15 39 78 33 47 89 91 14 37 82 42 11 83 64 85 44 81 98 78 8 47 52 65 79 83 7 40 73 50 33 33 3 80 2 84 22 70 79 17 34 8 28 67 58 80 2 85 46 26 21 6 8 61 47 21 95 67 13 26 29 63 83 64 8 79 16 6 84 1 90 10 97
100 3
23 19 46 24 1 92 29 16 19 63 29 73 49 7 68 43 92 26 86 16 40 10 34 52 25 26 4 3 4 92 40 81 74 41 92 82 13 79 26 2 70 20 88 64 40 26 98 77 72 7 7 5 64 65 27 28 19 77 82 31 8 97 64 19 69 94 67 91 19 58 48 22 25 70 91 88 22 7 73 10 88 74 95 32 16 94 97 24 47 77 25 67 87 80 88 51 88 29 83 65
100 3
47 21 80 91 97 37 40 76 6 77 92 23 47 80 7 70 2 44 38 98 26 23 26 95 86 80 55 44 50 70 83 77 47 2 49 97 70 23 92 71 70 86 53 29 62 86 82 53 51 98 29 78 44 70 77 23 58 92 13 95 17 51 95 56 17 17 17 26 17 2 46 28 77 4 27 55 89 17 4 88 34 62 2 97 80 47 77 95 71 47 88 8 41 4 92 95 82 68 73 52
100 3
47 70 94 31 11 80 26 98 33 14 19 11 62 23 98 72 49 58 65 8 10 7 83 43 53 56 39 4 41 92 94 89 62 74 61 86 9 63 18 35 32 59 62 71 11 62 38 86 80 84 64 74 53 65 71 17 26 32 53 80 17 56 49 4 80 44 79 86 77 28 77 65 1 79 7 71 7 80 17 81 20 37 10 32 13 89 32 41 65 95 8 44 29 75 80 35 32 62 56 80
100 3
61 23 26 88 39 22 5 17 83 17 89 17 35 35 68 34 62 83 72 98 68 71 86 70 89 94 32 26 80 79 49 63 97 7 13 55 95 32 16 44 63 61 32 91 5 80 64 51 85 26 12 50 91 74 41 29 22 10 29 98 8 68 52 92 2 22 50 5 86 70 65 34 68 1 12 64 23 83 91 22 67 41 23 11 1 8 95 52 50 29 67 11 43 20 70 14 85 65 85 29
