75
1 1 1 0
1 2 0 0
2 1 1 2
2 2 0 2
2 2 1 1
12 842 989 2265
9 170 171 171
1 0 2 0
10 119 55 850
8 86 85 85
4 11 0 5
8 85 85 86
6 21 21 22
4 6 5 5
1 0 1 1
9 43 433 36
3 4 2 2
3 3 3 2
9 63 175 274
11 683 682 683
10 341 342 341
9 171 170 171
12 0 4096 0
2 1 2 1
8 30 114 112
7 66 1 61
5 11 10 11
4 5 6 5
4 6 6 4
5 11 11 10
7 31 93 4
4 4 4 8
7 42 43 43
12 1364 1368 1364
9 503 6 3
7 43 43 42
10 342 341 341
3 3 2 3
11 683 683 682
2 1 3 0
10 341 341 342
2 0 4 0
6 22 21 21
6 13 48 3
6 44 1 19
7 43 42 43
4 12 2 2
8 146 65 45
5 25 1 6
12 1366 1365 1365
5 29 3 0
9 12 25 475
6 21 22 21
3 8 0 0
7 22 25 81
12 1365 1366 1365
5 10 11 11
12 1751 690 1655
11 682 683 683
1 0 0 2
3 2 0 6
3 2 3 3
3 2 4 2
3 2 2 4
7 51 48 29
12 1366 1366 1364
6 2 54 8
1 1 0 1
8 85 86 85
4 2 5 9
9 171 171 170
4 5 5 6
12 1365 1365 1366
5 12 11 9
11 262 106 1680
