100
2 1
500 300
900
660
2 1
500 300
1500
809
2 2
50 100
450 449
1100 1101
2 1
500 300
300
500
1 8
10
11 13 17 11 16 14 12 18
1 3
7
2800 10280 2656
2 3
10 3
22863 24000 22741
7200 6741 7127
1 4
153853
95766 724637 956914 994935
1 2
4
4680 5270
1 4
2
2539 2247 2410 2607
1 3
10
90 10 9
2 8
9 1
18900 17579 19550 17010 18900 17081 20790 18946
2100 2076 2204 1890 2100 1899 2310 2196
1 7
6
8430 8921 8383 8382 7560 9131 8760
1 2
797637
990547 725134
1 7
4
8 24 20 36 4 25 4
2 8
10 2
19000 21654 27196 1008 18150 15559 4500 2754
1100 586 4352 3800 3239 5104 213 3805
1 7
10
90 59 110 50 83 41 10
1 2
9
8991 10150
2 8
2 7
2 2 2 18 2 22 2 2
7 7 63 77 7 7 7 7
1 5
7
6160 5789 5721 5179 5628
2 8
1 4
1 11 1 1 11 1 1 1
4 4 36 36 4 4 4 4
1 4
10
90 10 10 9
2 1
6986 314156
817484
829074
2 5
6 5
1220 600 1653 3025 2640
1800 1462 2622 1035 500
2 4
5 4
13264 9578 3403 11250
7220 9384 2652 11000
1 5
10
1076 1000 977 972 1100
2 2
7 1
77 37
5 9
1 4
630708
609418 352997 863002 930167
1 3
7
669 2800 11340
1 5
8
30 40 88 42 66
2 5
5 2
1800 1413 499 1000 2641
400 552 1097 880 200
2 8
144085 466369
971523 738381 969112 753771 704330 957191 957902 932219
850113 859185 158482 746763 799170 525175 793903 960057
1 8
3
3925 4207 4282 3761 3900 3900 3737 4290
2 8
1 3
290 110 773 180 495 770 400 607
1819 660 1890 830 1200 2255 1400 329
2 7
8 5
53 29 48 72 25 64 22
55 15 30 18 43 15 38
1 5
4
2972 2556 2804 2719 2644
2 4
3 3
2100 886 5149 5610
6220 4590 859 2100
1 6
10
4882 4908 4960 4611 4500 5365
2 8
4 10
6800 6729 6800 6581 6650 6655 7159 6120
17000 15734 15891 17074 18700 16481 17000 18355
1 8
10
5 6 7 2 4 1 3 8
2 5
4 1
10604 9895 9349 9580 9094
2486 2502 2395 2169 2231
2 8
6 2
5278 1200 540 2586 3960 2973 4200 1843
400 1080 220 1746 1400 632 817 950
2 8
5 4
500 530 532 509 538 499 450 500
397 400 429 365 440 415 414 400
1 1
372938
916847
2 4
5 8
10800 9903 7143 4000
16380 21120 10846 6400
2 8
4 3
18 28 20 20 36 25 17 26
19 19 33 14 18 15 15 13
2 7
856219 395897
938767 652393 979769 994061 834733 379584 878993
903814 775491 806525 974481 785313 716743 952343
1 1
181192
375908
2 8
1 1
7 1 11 2 7 4 4 9
4 1 2 7 7 4 9 11
2 7
8 10
24 8 16 17 8 72 72
20 20 110 30 11 110 9
1 3
1000000
899999 900001 900000
2 5
3 8
24 15 21 33 26
38 64 72 56 69
2 5
8 6
1647 800 3921 2160 3202
1228 2846 2457 600 1980
2 8
9 1
3316 3573 3886 3563 3555 3862 3893 3960
365 397 404 423 406 395 360 372
1 5
10
4938 903 2059 3600 3000
2 8
61774 601907
629222 793918 905943 983211 997964 935538 546722 871558
461116 273557 795517 917149 339223 992864 874478 892052
2 7
1 8
11 3 2 5 8 7 6
48 69 17 51 72 36 24
1 6
2
1188 1000 195 818 604 440
2 8
1 1
1000000 999999 999998 999997 999996 999995 999994 999993
999992 999991 999990 999989 999988 999987 999986 999985
1 3
1
992 1019 909
1 5
235412
890597 675724 877680 999864 821398
2 8
4 1
8000 9000 3386 4800 8368 421 6427 5922
108 1653 1200 2750 815 2000 2188 1471
2 2
10 10
7281 6779
7288 6645
1 6
66963
515161 950732 541492 882648 940527 987146
2 7
10 9
17600 15130 16000 16581 16000 15299 15383
14400 13470 13672 14400 15091 12960 15438
2 8
6 3
1620 5940 7465 6480 9600 6745 9116 2583
3630 1299 3960 3696 3497 4800 4875 820
2 7
10 6
5400 1100 2065 4000 4795 7500 2888
4542 1694 540 1252 2400 2771 3960
2 3
9 2
99 45 67
10 13 18
2 6
6 3
3097 2400 1852 555 3597 1320
540 272 1652 1417 970 1200
2 7
1 7
200 107 645 474 330 700 401
748 4535 1400 4900 3445 1890 2649
2 7
5 5
1614 1395 1383 1622 1392 1515 1705
1647 1433 1619 1389 1505 1515 1395
2 7
8 4
3688 4320 1500 5474 3368 2400 720
2640 799 1725 1860 2763 1200 440
2 3
10 3
12642 19800 17740
7260 5462 4065
2 3
8 8
2400 720 1621
2400 880 1689
1 2
10
2976 2200
2 5
9 2
4459 1980 3240 900 2898
200 967 621 767 360
2 7
10 10
2000 19800 9900 22049 20066 23999 13026
22059 12100 16200 2000 26093 13122 19621
2 4
3 1
27 3 9 14
1 5 3 11
2 8
3 6
1800 3178 4448 3630 4200 6768 4569 1626
3858 5940 14114 6360 9047 8400 9175 3600
2 1
8 10
8
10
2 8
6 8
17 54 54 30 50 46 12 48
88 16 40 88 59 22 67 65
1 2
10
9970 27067
2 3
4 9
10698 10000 9000
24750 24014 22500
2 4
15562 219306
731459 800385 445726 714079
519008 467296 767319 544645
2 2
7 5
15982 16170
9450 11266
2 7
390993 111745
448183 878584 801220 992907 950888 927212 807148
491887 466877 941422 860270 827204 412586 921376
2 6
9 6
9821 8517 8100 9000 9218 9900
5792 5400 6429 6600 6417 6000
1 3
6
540 541 656
1 4
6
66 6 6 6
1 5
36363
239389 981130 962777 827121 921969
2 8
3 4
1494 1616 1360 1350 1452 1491 1377 1660
2014 2078 2244 1992 2216 2221 2200 2012
2 8
2 3
1324 2828 1184 4570 2420 3000 2860 3200
4119 4500 4800 1705 1911 3510 2970 6567
1 2
1
102 200
1 7
6
8544 8580 8057 7470 7020 7101 7800
2 1
10 6
54
36
2 8
324846 109779
946688 996907 953928 932223 211108 744301 542972 482977
926251 751000 628948 951466 895098 593360 505450 734185
1 7
6
1301 1080 1080 1118 1185 1305 1200
1 2
110158
830212 955290
2 6
2 3
3800 3957 4180 3645 3810 4173
6195 5700 5130 5715 5858 5282
1 7
4
2586 2220 2400 2203 2295 2534 2640
