100
11 5 16 5 0 0
3 1 3 2 2 0
3 1 3 2 1 0
2 1 5 1 1 1
97 1 30 47 0 3
98 1 47 49 0 2
100 1 99 51 0 1
92 1 100 45 0 1
98 1 24 48 0 4
95 1 49 49 0 2
95 1 24 50 0 4
95 1 93 46 0 1
92 1 96 46 0 1
81 1 35 47 2 14
96 1 95 48 0 1
100 1 100 49 0 1
98 1 93 50 0 1
91 1 90 45 0 1
100 1 96 51 0 1
99 1 96 50 0 1
92 1 93 47 0 1
26 1 60 13 3 2
94 1 92 46 0 1
43 1 92 17 2 2
62 7 71 36 3 5
25 1 42 13 4 1
82 1 48 42 1 4
39 1 71 16 1 1
97 1 99 49 0 1
93 1 47 45 0 2
100 1 91 51 0 1
50 1 75 28 1 24
96 1 95 47 0 1
99 2 2 8 0 0
100 1 94 49 0 1
52 1 65 24 4 5
100 1 97 51 0 1
98 1 91 49 0 1
10 1 46 4 2 1
98 1 90 50 0 1
95 1 32 49 0 3
33 1 64 14 4 1
91 1 22 46 0 4
99 1 90 49 0 1
20 1 40 11 2 12
93 1 99 45 0 1
97 1 33 49 0 3
91 1 91 46 0 1
93 1 94 46 0 1
28 5 50 7 0 0
83 1 81 43 4 10
90 1 92 46 0 1
55 2 7 42 2 5
98 1 94 49 4 29
91 1 45 45 0 2
97 1 95 47 0 1
90 1 32 47 0 3
71 1 21 34 1 2
18 1 6 31 2 5
93 1 100 45 0 1
97 1 99 47 0 1
95 1 93 47 0 1
100 1 24 49 0 4
100 1 23 50 0 4
91 1 23 47 0 4
100 1 55 81 1 44
82 1 49 40 4 3
93 1 92 45 0 1
90 1 100 45 0 1
79 48 89 100 6 1
91 1 97 44 2 21
92 1 19 23 0 0
91 1 96 44 0 1
90 1 30 44 0 3
100 1 49 50 0 2
88 7 48 60 0 0
99 1 97 48 0 1
97 1 91 49 0 1
91 1 93 45 0 1
62 1 91 29 3 9
95 1 48 47 0 2
80 15 55 89 33 87
93 1 32 45 0 3
96 1 91 48 0 1
93 1 99 46 0 1
91 1 24 46 0 4
95 4 23 34 0 0
8 1 100 4 3 1
71 1 61 98 4 7
99 1 46 51 0 2
47 1 46 21 2 7
76 1 73 30 4 7
99 1 93 50 0 1
99 1 96 48 0 1
96 1 92 47 0 1
24 1 18 72 1 42
36 41 85 76 28 49
44 1 24 15 1 7
86 41 80 36 4 10
97 1 31 49 0 3
